5.400000000000000000e+01
1.200000000000000000e+02
5.700000000000000000e+01
1.400000000000000000e+02
6.000000000000000000e+01
1.600000000000000000e+02
6.300000000000000000e+01
1.770000000000000000e+02
7.100000000000000000e+01
1.970000000000000000e+02
8.300000000000000000e+01
2.140000000000000000e+02
9.400000000000000000e+01
2.260000000000000000e+02
1.080000000000000000e+02
2.370000000000000000e+02
1.310000000000000000e+02
2.460000000000000000e+02
1.570000000000000000e+02
2.370000000000000000e+02
1.680000000000000000e+02
2.260000000000000000e+02
1.770000000000000000e+02
2.140000000000000000e+02
1.880000000000000000e+02
1.970000000000000000e+02
1.910000000000000000e+02
1.740000000000000000e+02
1.940000000000000000e+02
1.570000000000000000e+02
1.970000000000000000e+02
1.370000000000000000e+02
1.970000000000000000e+02
1.170000000000000000e+02
7.100000000000000000e+01
1.090000000000000000e+02
8.000000000000000000e+01
1.030000000000000000e+02
9.100000000000000000e+01
1.000000000000000000e+02
1.030000000000000000e+02
1.000000000000000000e+02
1.110000000000000000e+02
1.030000000000000000e+02
1.510000000000000000e+02
1.000000000000000000e+02
1.600000000000000000e+02
9.700000000000000000e+01
1.680000000000000000e+02
9.700000000000000000e+01
1.800000000000000000e+02
9.700000000000000000e+01
1.880000000000000000e+02
1.030000000000000000e+02
1.310000000000000000e+02
1.260000000000000000e+02
1.340000000000000000e+02
1.430000000000000000e+02
1.340000000000000000e+02
1.600000000000000000e+02
1.340000000000000000e+02
1.710000000000000000e+02
1.200000000000000000e+02
1.740000000000000000e+02
1.250000000000000000e+02
1.770000000000000000e+02
1.340000000000000000e+02
1.800000000000000000e+02
1.400000000000000000e+02
1.770000000000000000e+02
1.450000000000000000e+02
1.740000000000000000e+02
8.500000000000000000e+01
1.230000000000000000e+02
9.400000000000000000e+01
1.200000000000000000e+02
1.030000000000000000e+02
1.200000000000000000e+02
1.110000000000000000e+02
1.260000000000000000e+02
1.030000000000000000e+02
1.290000000000000000e+02
9.400000000000000000e+01
1.290000000000000000e+02
1.480000000000000000e+02
1.230000000000000000e+02
1.570000000000000000e+02
1.170000000000000000e+02
1.680000000000000000e+02
1.170000000000000000e+02
1.740000000000000000e+02
1.200000000000000000e+02
1.680000000000000000e+02
1.260000000000000000e+02
1.570000000000000000e+02
1.260000000000000000e+02
1.050000000000000000e+02
1.970000000000000000e+02
1.170000000000000000e+02
1.940000000000000000e+02
1.280000000000000000e+02
1.940000000000000000e+02
1.340000000000000000e+02
1.940000000000000000e+02
1.400000000000000000e+02
1.940000000000000000e+02
1.480000000000000000e+02
1.940000000000000000e+02
1.570000000000000000e+02
1.970000000000000000e+02
1.480000000000000000e+02
2.060000000000000000e+02
1.420000000000000000e+02
2.080000000000000000e+02
1.340000000000000000e+02
2.110000000000000000e+02
1.250000000000000000e+02
2.080000000000000000e+02
1.170000000000000000e+02
2.060000000000000000e+02
1.080000000000000000e+02
1.970000000000000000e+02
1.250000000000000000e+02
2.000000000000000000e+02
1.340000000000000000e+02
2.000000000000000000e+02
1.400000000000000000e+02
2.000000000000000000e+02
1.540000000000000000e+02
1.970000000000000000e+02
1.400000000000000000e+02
2.000000000000000000e+02
1.340000000000000000e+02
2.000000000000000000e+02
1.250000000000000000e+02
2.000000000000000000e+02
